5000
110000.  0.  10
0.  0.  1.
0.  0.  1.
0.  0.    0.  0.
0.  0.    0.  0.
0.  0.    0.  0.
0.  0.    0.  0.
0.  0.    0.  0.
0.  0.    0.  0.
0.  0.    0.  0.
0.  0.    0.  0.
0.  0.    0.  0.
0.  0.    0.  0.
0.  0.    0.  0.
0.  0.    0.  0.
0.  0.    0.  0.
0.  0.    0.  0.
0.  0.    0.  0.
0.  0.    0.  0.
0.  0.    0.  0.
0.  0.    0.  0.
0.  0.    0.  0.
0.  0.    0.  0.
0.  0.    0.  0.
0.  0.    0.  0.
0.  0.    0.  0.
0.  0.    0.  0.
5001
20000.  0.  20
0.  1.  0.
0.  1.  0.
0.  0.    0.  0.
0.  0.    0.  0.
0.  0.    0.  0.
0.  0.    0.  0.
0.  0.    0.  0.
0.  0.    0.  0.
0.  0.    0.  0.
0.  0.    0.  0.
0.  0.    0.  0.
0.  0.    0.  0.
0.  0.    0.  0.
0.  0.    0.  0.
0.  0.    0.  0.
0.  0.    0.  0.
0.  0.    0.  0.
0.  0.    0.  0.
0.  0.    0.  0.
0.  0.    0.  0.
0.  0.    0.  0.
0.  0.    0.  0.
0.  0.    0.  0.
0.  0.    0.  0.
0.  0.    0.  0.
0.  0.    0.  0.
5002
20000.  -10.  10
0.  0.  1.
0.  0.  1.
1.  0.    0.  0.
1.  0.    0.  0.
1.  0.    0.  0.
1.  0.    0.  0.
1.  0.    0.  0.
1.  0.    0.  0.
1.  0.    0.  0.
1.  0.    0.  0.
1.  0.    0.  0.
1.  0.    0.  0.
1.  0.    0.  0.
1.  0.    0.  0.
1.  0.    0.  0.
1.  0.    0.  0.
1.  0.    0.  0.
1.  0.    0.  0.
1.  0.    0.  0.
1.  0.    0.  0.
1.  0.    0.  0.
1.  0.    0.  0.
1.  0.    0.  0.
1.  0.    0.  0.
1.  0.    0.  0.
1.  0.    0.  0.
5003
20000.  37.8  20
0.  1.  0.
0.  1.  0.
0.  0.    0.2  0.9
0.  0.    0.2  0.9
0.  0.    0.2  0.9
0.  0.    0.2  0.9
0.  0.    0.2  0.9
0.  0.    0.2  0.9
0.  0.    1.   0.78
0.  0.    1.   0.74
0.  0.    1.   0.74
0.  0.    1.   0.74
0.  0.    1.   0.74
0.  0.    1.   0.74
0.  0.    1.   0.74
0.  0.    1.   0.74
0.  0.    1.   0.74
0.  0.    1.   0.74
0.  0.    1.   0.74
0.  0.    1.   0.76
0.  0.    1.   0.78
0.  0.    0.2  0.92
0.  0.    0.2  0.92
0.  0.    0.2  0.92
0.  0.    0.2  0.91
0.  0.    0.2  0.9
5004
20000.  37.8  20
0.  1.  0.
0.  1.  0.
0.  0.    1.  0.94
0.  0.    1.  0.94
0.  0.    1.  0.94
0.  0.    1.  0.94
0.  0.    1.  0.94
0.  0.    1.  0.94
0.  0.    0.  0.99
0.  0.    0.  0.99
0.  0.    0.  0.99
0.  0.    0.  0.99
0.  0.    0.  0.99
0.  0.    0.  0.99
0.  0.    0.  0.99
0.  0.    0.  0.99
0.  0.    0.  0.99
0.  0.    0.  0.99
0.  0.    0.  0.99
0.  0.    0.  0.99
0.  0.    1.  0.94
0.  0.    1.  0.94
0.  0.    1.  0.94
0.  0.    1.  0.94
0.  0.    1.  0.94
0.  0.    1.  0.94
5005
20000.  67.8  20
0.  1.  0.
0.  1.  0.
0.  0.    0.5   0.8
0.  0.    0.5   0.78
0.  0.    0.5   0.78
0.  0.    0.45  0.78
0.  0.    0.45  0.8
0.  0.    0.5   0.82
0.  0.    0.6   0.82
0.  0.    0.65  0.82
0.  0.    0.65  0.84
0.  0.    0.7   0.85
0.  0.    0.7   0.88
0.  0.    0.75  0.89
0.  0.    0.7   0.88
0.  0.    0.6   0.85
0.  0.    0.6   0.83
0.  0.    0.7   0.83
0.  0.    0.7   0.85
0.  0.    0.9   0.9
0.  0.    0.95  0.92
0.  0.    1.    0.9
0.  0.    0.95  0.86
0.  0.    0.85  0.84
0.  0.    0.8   0.83
0.  0.    0.6   0.82
5006
20000.  67.8  20
0.  1.  0.
0.  1.  0.
0.  0.    0.5   0.8
0.  0.    0.5   0.78
0.  0.    0.5   0.78
0.  0.    0.45  0.78
0.  0.    0.45  0.8
0.  0.    0.5   0.82
0.  0.    0.6   0.82
0.  0.    0.65  0.82
0.  0.    0.65  0.84
0.  0.    0.7   0.85
0.  0.    0.7   0.88
0.  0.    0.75  0.89
0.  0.    0.7   0.88
0.  0.    0.6   0.85
0.  0.    0.6   0.83
0.  0.    0.7   0.83
0.  0.    0.7   0.85
0.  0.    0.9   0.9
0.  0.    0.95  0.92
0.  0.    1.    0.9
0.  0.    0.95  0.86
0.  0.    0.85  0.84
0.  0.    0.8   0.83
0.  0.    0.6   0.82
5007
20000.  67.8  20
0.  1.  0.
0.  1.  0.
0.  0.    0.5   0.8
0.  0.    0.5   0.78
0.  0.    0.5   0.78
0.  0.    0.45  0.78
0.  0.    0.45  0.8
0.  0.    0.5   0.82
0.  0.    0.6   0.82
0.  0.    0.65  0.82
0.  0.    0.65  0.84
0.  0.    0.7   0.85
0.  0.    0.7   0.88
0.  0.    0.75  0.89
0.  0.    0.7   0.88
0.  0.    0.6   0.85
0.  0.    0.6   0.83
0.  0.    0.7   0.83
0.  0.    0.7   0.85
0.  0.    0.9   0.9
0.  0.    0.95  0.92
0.  0.    1.    0.9
0.  0.    0.95  0.86
0.  0.    0.85  0.84
0.  0.    0.8   0.83
0.  0.    0.6   0.82