
===========================================================
SNAGA GENERATORA:   0.0[MW]
===========================================================

T[h]  Isn[A]  Uz.o.[kV]  t_opt  Uo.sn[kV]  U_p5[kV]  Steta
-----------------------------------------------------------
  1    131.9   20.489       2    20.429     19.677   1007.4
  2    131.1   20.485       2    20.426     19.677    984.2
  3    131.1   20.485       2    20.426     19.677    984.2
  4    121.3   20.432       2    20.434     19.752    533.0
  5    122.0   20.436       2    20.437     19.752    545.7
  6    132.7   20.493       2    20.432     19.678   1025.1
  7    144.1   20.555       1    20.659     19.846   1074.0
  8    153.8   20.606       1    20.649     19.769   1232.6
  9    154.3   20.609       1    20.654     19.771   1247.9
 10    164.6   20.664       1    20.649     19.698   1699.8
 11    165.3   20.668       1    20.659     19.706   1697.6
 12    175.7   20.723       1    20.656     19.636   2400.9
 13    165.3   20.668       1    20.659     19.706   1697.6
 14    144.3   20.556       1    20.664     19.848   1049.4
 15    143.9   20.554       1    20.659     19.845   1034.2
 16    164.2   20.662       1    20.644     19.695   1686.6
 17    164.6   20.664       1    20.649     19.698   1699.8
 18    206.6   20.889       0    20.899     19.679   2987.9
 19    255.4   21.150      -1    21.149     19.742   4446.0
 20    236.5   21.049      -1    21.161     19.731   2696.8
 21    224.6   20.985       0    20.886     19.521   4254.7
 22    203.5   20.872       0    20.893     19.666   2113.7
 23    192.9   20.816       0    20.898     19.739   1567.5
 24    152.5   20.600       1    20.669     19.780    787.0
-----------------------------------------------------------
Ukupna steta =   40453.7

===========================================================
SNAGA GENERATORA:   1.0[MW]
===========================================================

T[h]  Isn[A]  Uz.o.[kV]  t_opt  Uo.sn[kV]  U_p5[kV]  Steta
-----------------------------------------------------------
  1    106.3   20.356       2    20.429     19.677   1005.9
  2    105.5   20.352       2    20.426     19.677    982.7
  3    105.5   20.352       2    20.426     19.677    982.7
  4     95.5   20.300       3    20.188     19.506   2623.6
  5     96.2   20.304       3    20.191     19.506   2677.9
  6    107.1   20.361       2    20.432     19.678   1023.6
  7    118.7   20.422       2    20.408     19.594   2027.1
  8    128.4   20.474       2    20.398     19.517   3080.9
  9    128.8   20.476       2    20.403     19.520   3121.7
 10    139.4   20.531       1    20.650     19.698   1698.4
 11    140.0   20.535       1    20.659     19.707   1696.1
 12    150.4   20.590       1    20.656     19.637   2398.2
 13    140.0   20.535       1    20.659     19.707   1696.1
 14    118.9   20.423       2    20.413     19.596   2068.3
 15    118.4   20.421       2    20.408     19.593   2049.0
 16    138.9   20.529       1    20.644     19.695   1685.2
 17    139.4   20.531       1    20.650     19.698   1698.4
 18    181.5   20.756       1    20.642     19.421   6589.6
 19    230.6   21.017       0    20.886     19.478   6195.5
 20    211.7   20.916       0    20.898     19.467   5735.9
 21    199.7   20.852       0    20.886     19.521   4247.3
 22    178.3   20.739       1    20.636     19.408   5960.7
 23    167.8   20.683       1    20.641     19.481   4185.9
 24    127.0   20.467       2    20.417     19.528   2769.3
-----------------------------------------------------------
Ukupna steta =   68200.1

===========================================================
SNAGA GENERATORA:   2.0[MW]
===========================================================

T[h]  Isn[A]  Uz.o.[kV]  t_opt  Uo.sn[kV]  U_p5[kV]  Steta
-----------------------------------------------------------
  1     77.7   20.211       3    20.183     19.431   3958.8
  2     76.9   20.206       3    20.180     19.431   3877.8
  3     76.9   20.206       3    20.180     19.431   3877.8
  4     67.1   20.154       3    20.188     19.506   2623.0
  5     67.9   20.158       3    20.191     19.506   2677.1
  6     78.5   20.215       3    20.187     19.432   4027.1
  7     90.1   20.276       3    20.163     19.348   5703.4
  8    100.3   20.328       2    20.398     19.517   3079.4
  9    100.7   20.330       2    20.403     19.520   3120.1
 10    111.1   20.385       2    20.399     19.447   4540.0
 11    111.8   20.389       2    20.408     19.455   4548.9
 12    122.1   20.444       2    20.405     19.385   6330.7
 13    111.8   20.389       2    20.408     19.455   4548.9
 14     90.3   20.277       3    20.167     19.350   5857.0
 15     89.8   20.275       3    20.163     19.347   5779.6
 16    110.6   20.383       2    20.393     19.443   4492.9
 17    111.1   20.385       2    20.399     19.447   4540.0
 18    153.8   20.610       1    20.643     19.421   6583.9
 19    203.2   20.871       0    20.887     19.479   6188.8
 20    184.3   20.770       0    20.898     19.467   5728.5
 21    171.7   20.706       1    20.629     19.264  10904.7
 22    150.6   20.593       1    20.637     19.408   5955.2
 23    140.1   20.537       1    20.641     19.482   4182.0
 24     99.0   20.321       2    20.417     19.528   2767.5
-----------------------------------------------------------
Ukupna steta =  115893.2

===========================================================
SNAGA GENERATORA:   3.0[MW]
===========================================================

T[h]  Isn[A]  Uz.o.[kV]  t_opt  Uo.sn[kV]  U_p5[kV]  Steta
-----------------------------------------------------------
  1     49.4   20.065       3    20.183     19.431   3960.0
  2     48.7   20.061       3    20.180     19.431   3879.1
  3     48.7   20.061       3    20.180     19.431   3879.1
  4     37.9   20.008       4    19.948     19.265   6977.0
  5     38.7   20.013       4    19.951     19.265   7110.1
  6     50.2   20.069       3    20.186     19.431   4028.3
  7     61.8   20.130       3    20.163     19.348   5704.7
  8     71.4   20.182       3    20.153     19.271   7771.3
  9     71.9   20.184       3    20.158     19.274   7895.5
 10     82.2   20.240       3    20.153     19.201  10469.7
 11     82.9   20.243       3    20.162     19.209  10585.6
 12     94.2   20.299       2    20.405     19.385   6330.2
 13     82.9   20.243       3    20.162     19.209  10585.6
 14     62.0   20.132       3    20.167     19.350   5858.1
 15     61.5   20.129       3    20.163     19.347   5780.9
 16     81.8   20.237       3    20.148     19.198  10326.0
 17     82.2   20.240       3    20.153     19.201  10469.7
 18    125.2   20.464       2    20.392     19.169  14389.8
 19    175.0   20.725       1    20.630     19.221  13527.6
 20    156.1   20.624       1    20.641     19.209  13941.8
 21    144.0   20.560       1    20.630     19.264  10899.8
 22    122.0   20.447       2    20.386     19.157  13868.6
 23    111.5   20.391       2    20.390     19.230  10672.6
 24     70.1   20.175       3    20.172     19.282   7729.0
-----------------------------------------------------------
Ukupna steta =  206640.2

===========================================================
SNAGA GENERATORA:   4.0[MW]
===========================================================

T[h]  Isn[A]  Uz.o.[kV]  t_opt  Uo.sn[kV]  U_p5[kV]  Steta
-----------------------------------------------------------
  1     20.0   19.920       4    19.943     19.190   9361.0
  2     19.2   19.916       4    19.940     19.190   9180.8
  3     19.2   19.916       4    19.940     19.190   9180.8
  4      9.4   19.863       4    19.948     19.265   6982.5
  5     10.2   19.868       4    19.950     19.264   7115.8
  6     20.8   19.924       4    19.946     19.190   9521.7
  7     32.4   19.985       4    19.923     19.107  11920.6
  8     43.2   20.036       3    20.153     19.271   7776.0
  9     43.6   20.039       3    20.158     19.273   7900.2
 10     54.0   20.094       3    20.153     19.201  10474.8
 11     54.7   20.098       3    20.162     19.209  10590.3
 12     65.0   20.153       3    20.159     19.139  13646.3
 13     54.7   20.098       3    20.162     19.209  10590.3
 14     32.5   19.986       4    19.927     19.109  12229.8
 15     32.1   19.984       4    19.923     19.107  12044.0
 16     53.5   20.092       3    20.148     19.198  10331.0
 17     54.0   20.094       3    20.153     19.201  10474.8
 18     97.3   20.319       2    20.392     19.169  14391.9
 19    147.4   20.580       1    20.630     19.221  13524.7
 20    127.3   20.479       2    20.390     18.958  26967.4
 21    115.2   20.414       2    20.379     19.013  22022.2
 22     94.1   20.302       2    20.386     19.157  13871.1
 23     82.4   20.246       3    20.145     18.984  20765.5
 24     40.7   20.030       4    19.932     19.041  15463.3
-----------------------------------------------------------
Ukupna steta =  296327.0

===========================================================
SNAGA GENERATORA:   5.0[MW]
===========================================================

T[h]  Isn[A]  Uz.o.[kV]  t_opt  Uo.sn[kV]  U_p5[kV]  Steta
-----------------------------------------------------------
  1      9.9   19.799       5    19.708     18.954  17039.1
  2     10.7   19.803       5    19.705     18.955  16721.1
  3     10.7   19.803       5    19.705     18.955  16721.1
  4     19.0   19.855       4    19.947     19.264   6991.4
  5     18.2   19.851       4    19.950     19.264   7124.7
  6      9.1   19.794       5    19.711     18.955  17331.2
  7      3.9   19.841       4    19.922     19.107  11931.7
  8     13.5   19.892       4    19.913     19.031  15122.5
  9     14.0   19.894       4    19.918     19.033  15384.2
 10     24.3   19.949       4    19.914     18.960  19285.8
 11     25.0   19.953       4    19.922     18.968  19597.5
 12     35.4   20.009       4    19.920     18.898  24108.8
 13     25.0   19.953       4    19.922     18.968  19597.5
 14      4.1   19.842       4    19.927     19.109  12241.0
 15      3.7   19.839       4    19.922     19.106  12055.2
 16     23.9   19.947       4    19.908     18.957  18987.0
 17     24.3   19.949       4    19.914     18.960  19285.8
 18     67.9   20.174       3    20.146     18.924  26118.2
 19    118.3   20.435       2    20.379     18.970  26072.9
 20     99.4   20.334       2    20.390     18.958  26975.1
 21     87.4   20.270       2    20.379     19.012  22030.7
 22     64.7   20.157       3    20.141     18.911  25576.1
 23     54.2   20.101       3    20.145     18.984  20777.3
 24     12.3   19.886       4    19.931     19.041  15475.8
-----------------------------------------------------------
Ukupna steta =  432551.7

===========================================================
SNAGA GENERATORA:   6.0[MW]
===========================================================

T[h]  Isn[A]  Uz.o.[kV]  t_opt  Uo.sn[kV]  U_p5[kV]  Steta
-----------------------------------------------------------
  1     36.7   19.943       4    19.942     19.189   9385.1
  2     37.5   19.947       4    19.939     19.189   9204.8
  3     37.5   19.947       4    19.939     19.189   9204.8
  4     47.3   19.999       4    19.947     19.264   7003.5
  5     46.5   19.995       4    19.949     19.264   7136.9
  6     35.9   19.938       4    19.945     19.190   9546.1
  7     24.4   19.878       4    19.922     19.106  11947.3
  8     14.8   19.827       4    19.913     19.030  15139.9
  9     14.4   19.824       4    19.917     19.032  15401.8
 10      4.0   19.805       4    19.913     18.960  19305.3
 11      3.3   19.809       4    19.922     18.968  19617.1
 12      7.0   19.865       4    19.919     18.898  24130.1
 13      3.3   19.809       4    19.922     18.968  19617.1
 14     24.2   19.877       4    19.926     19.108  12256.7
 15     24.7   19.879       4    19.922     19.106  12070.9
 16      4.5   19.803       4    19.908     18.957  19006.5
 17      4.0   19.805       4    19.913     18.960  19305.3
 18     39.9   20.030       3    20.146     18.923  26137.6
 19     90.6   20.290       2    20.379     18.969  26086.5
 20     69.8   20.190       3    20.145     18.712  44485.0
 21     57.8   20.125       3    20.134     18.767  37314.7
 22     34.8   20.013       4    19.901     18.671  40800.9
 23     24.3   19.957       4    19.905     18.744  34232.4
 24     16.1   19.833       4    19.931     19.041  15493.6
-----------------------------------------------------------
Ukupna steta =  463829.8

===========================================================
SNAGA GENERATORA:   7.0[MW]
===========================================================

T[h]  Isn[A]  Uz.o.[kV]  t_opt  Uo.sn[kV]  U_p5[kV]  Steta
-----------------------------------------------------------
  1     62.7   20.086       3    20.181     19.429   3989.8
  2     63.5   20.091       3    20.178     19.429   3908.6
  3     63.5   20.091       3    20.178     19.429   3908.6
  4     73.3   20.143       3    20.186     19.504   2648.3
  5     72.5   20.139       3    20.189     19.504   2702.7
  6     61.9   20.082       3    20.185     19.430   4058.2
  7     52.6   20.021       4    19.921     19.106  11967.1
  8     43.0   19.970       4    19.912     19.030  15162.5
  9     42.6   19.968       4    19.917     19.032  15424.6
 10     32.2   19.913       4    19.912     18.959  19330.9
 11     31.5   19.909       4    19.921     18.967  19642.6
 12     21.2   19.853       4    19.919     18.897  24158.5
 13     31.5   19.909       4    19.921     18.967  19642.6
 14     52.4   20.020       4    19.926     19.108  12277.0
 15     52.9   20.023       4    19.921     19.105  12090.8
 16     32.7   19.915       4    19.907     18.956  19031.8
 17     32.2   19.913       4    19.912     18.959  19330.9
 18      9.8   19.886       4    19.906     18.683  41520.3
 19     60.8   20.146       3    20.134     18.723  43490.8
 20     41.9   20.046       3    20.144     18.711  44518.9
 21     27.6   19.981       4    19.894     18.527  56457.4
 22      6.6   19.869       4    19.901     18.670  40837.6
 23      3.9   19.813       4    19.904     18.743  34266.2
 24     44.3   19.976       4    19.930     19.040  15516.8
-----------------------------------------------------------
Ukupna steta =  485883.5

===========================================================
SNAGA GENERATORA:   8.0[MW]
===========================================================

T[h]  Isn[A]  Uz.o.[kV]  t_opt  Uo.sn[kV]  U_p5[kV]  Steta
-----------------------------------------------------------
  1     90.5   20.229       3    20.181     19.428   4003.2
  2     91.3   20.234       3    20.177     19.428   3921.9
  3     91.3   20.234       3    20.177     19.428   3921.9
  4    101.1   20.286       3    20.185     19.503   2659.1
  5    100.3   20.282       3    20.188     19.503   2713.6
  6     89.6   20.225       3    20.184     19.429   4071.8
  7     78.3   20.165       3    20.160     19.345   5754.6
  8     68.7   20.114       3    20.151     19.269   7830.3
  9     68.2   20.111       3    20.155     19.271   7954.8
 10     57.9   20.056       3    20.151     19.199  10537.8
 11     57.2   20.052       3    20.160     19.207  10653.3
 12     49.3   19.996       4    19.918     18.896  24193.8
 13     57.2   20.052       3    20.160     19.207  10653.3
 14     78.1   20.163       3    20.165     19.347   5909.0
 15     78.5   20.166       3    20.160     19.345   5831.4
 16     58.4   20.059       3    20.146     19.195  10393.7
 17     57.9   20.056       3    20.151     19.199  10537.8
 18     18.3   19.831       4    19.906     18.682  41566.3
 19     30.4   20.003       4    19.894     18.483  65397.5
 20     11.6   19.903       4    19.904     18.471  66209.1
 21      0.5   19.838       4    19.894     18.526  56511.1
 22     21.6   19.849       4    19.900     18.670  40883.9
 23     32.0   19.904       4    19.904     18.742  34309.0
 24     69.9   20.119       3    20.169     19.280   7789.2
-----------------------------------------------------------
Ukupna steta =  444207.1

===========================================================
SNAGA GENERATORA:   9.0[MW]
===========================================================

T[h]  Isn[A]  Uz.o.[kV]  t_opt  Uo.sn[kV]  U_p5[kV]  Steta
-----------------------------------------------------------
  1    115.3   20.372       2    20.426     19.674   1028.6
  2    116.1   20.376       2    20.422     19.674   1005.2
  3    116.1   20.376       2    20.422     19.674   1005.2
  4    125.9   20.428       2    20.431     19.749    545.3
  5    125.1   20.424       2    20.434     19.749    558.2
  6    114.5   20.367       2    20.429     19.675   1046.3
  7    103.2   20.307       2    20.405     19.590   2058.1
  8     96.4   20.256       3    20.150     19.268   7852.5
  9     95.9   20.254       3    20.155     19.270   7977.2
 10     85.6   20.199       3    20.150     19.198  10564.0
 11     84.8   20.194       3    20.159     19.206  10679.8
 12     74.5   20.139       3    20.157     19.136  13747.8
 13     84.8   20.194       3    20.159     19.206  10679.8
 14    102.9   20.306       2    20.409     19.593   2100.0
 15    103.4   20.309       2    20.405     19.590   2080.8
 16     86.1   20.201       3    20.145     19.195  10419.8
 17     85.6   20.199       3    20.150     19.198  10564.0
 18     46.4   19.974       4    19.905     18.681  41622.3
 19      2.4   19.860       4    19.894     18.483  65465.7
 20     16.4   19.814       4    19.904     18.470  66279.9
 21     28.6   19.879       4    19.893     18.525  56577.1
 22     49.6   19.991       4    19.899     18.669  40940.1
 23     57.2   20.047       3    20.142     18.981  20892.7
 24     97.5   20.262       3    20.168     19.279   7812.2
-----------------------------------------------------------
Ukupna steta =  393502.5

===========================================================
SNAGA GENERATORA:  10.0[MW]
===========================================================

T[h]  Isn[A]  Uz.o.[kV]  t_opt  Uo.sn[kV]  U_p5[kV]  Steta
-----------------------------------------------------------
  1    142.6   20.514       2    20.425     19.673   1035.7
  2    143.4   20.519       2    20.421     19.673   1012.2
  3    143.4   20.519       2    20.421     19.673   1012.2
  4    150.0   20.571       1    20.682     20.001    846.0
  5    149.2   20.566       1    20.685     20.001    857.6
  6    141.7   20.510       2    20.428     19.674   1053.6
  7    130.4   20.450       2    20.404     19.589   2067.9
  8    120.9   20.399       2    20.394     19.513   3136.4
  9    120.4   20.396       2    20.399     19.515   3177.3
 10    110.1   20.341       2    20.395     19.443   4612.1
 11    109.3   20.337       2    20.404     19.451   4620.4
 12     99.0   20.281       2    20.401     19.381   6416.7
 13    109.3   20.337       2    20.404     19.451   4620.4
 14    130.2   20.448       2    20.408     19.592   2110.2
 15    130.7   20.451       2    20.404     19.589   2090.9
 16    110.6   20.344       2    20.389     19.439   4564.8
 17    110.1   20.341       2    20.395     19.443   4612.1
 18     71.2   20.116       3    20.143     18.920  26293.6
 19     25.6   19.856       4    19.893     18.482  65547.9
 20     44.4   19.956       4    19.903     18.469  66363.9
 21     53.4   20.022       3    20.131     18.764  37503.6
 22     74.4   20.134       3    20.137     18.908  25754.2
 23     84.9   20.190       3    20.141     18.981  20938.4
 24    122.0   20.404       2    20.413     19.524   2826.2
-----------------------------------------------------------
Ukupna steta =  293074.1
