
===========================================================
SNAGA GENERATORA:   0.0[MW]
===========================================================

Uo.sn[kV]
-----------------------------------------------------------
20.429
20.426
20.426
20.434
20.437
20.432
20.659
20.649
20.654
20.649
20.659
20.656
20.659
20.664
20.659
20.644
20.649
20.899
21.149
21.161
20.886
20.893
20.898
20.669

===========================================================
SNAGA GENERATORA:   1.0[MW]
===========================================================

Uo.sn[kV]
-----------------------------------------------------------
20.429
20.426
20.426
20.188
20.191
20.432
20.408
20.398
20.403
20.650
20.659
20.656
20.659
20.413
20.408
20.644
20.650
20.642
20.886
20.898
20.886
20.636
20.641
20.417

===========================================================
SNAGA GENERATORA:   2.0[MW]
===========================================================

Uo.sn[kV]
-----------------------------------------------------------
20.183
20.180
20.180
20.188
20.191
20.187
20.163
20.398
20.403
20.399
20.408
20.405
20.408
20.167
20.163
20.393
20.399
20.643
20.887
20.898
20.629
20.637
20.641
20.417

===========================================================
SNAGA GENERATORA:   3.0[MW]
===========================================================

Uo.sn[kV]
-----------------------------------------------------------
20.183
20.180
20.180
19.948
19.951
20.186
20.163
20.153
20.158
20.153
20.162
20.405
20.162
20.167
20.163
20.148
20.153
20.392
20.630
20.641
20.630
20.386
20.390
20.172

===========================================================
SNAGA GENERATORA:   4.0[MW]
===========================================================

Uo.sn[kV]
-----------------------------------------------------------
19.943
19.940
19.940
19.948
19.950
19.946
19.923
20.153
20.158
20.153
20.162
20.159
20.162
19.927
19.923
20.148
20.153
20.392
20.630
20.390
20.379
20.386
20.145
19.932

===========================================================
SNAGA GENERATORA:   5.0[MW]
===========================================================

Uo.sn[kV]
-----------------------------------------------------------
19.708
19.705
19.705
19.947
19.950
19.711
19.922
19.913
19.918
19.914
19.922
19.920
19.922
19.927
19.922
19.908
19.914
20.146
20.379
20.390
20.379
20.141
20.145
19.931

===========================================================
SNAGA GENERATORA:   6.0[MW]
===========================================================

Uo.sn[kV]
-----------------------------------------------------------
19.942
19.939
19.939
19.947
19.949
19.945
19.922
19.913
19.917
19.913
19.922
19.919
19.922
19.926
19.922
19.908
19.913
20.146
20.379
20.145
20.134
19.901
19.905
19.931

===========================================================
SNAGA GENERATORA:   7.0[MW]
===========================================================

Uo.sn[kV]
-----------------------------------------------------------
20.181
20.178
20.178
20.186
20.189
20.185
19.921
19.912
19.917
19.912
19.921
19.919
19.921
19.926
19.921
19.907
19.912
19.906
20.134
20.144
19.894
19.901
19.904
19.930

===========================================================
SNAGA GENERATORA:   8.0[MW]
===========================================================

Uo.sn[kV]
-----------------------------------------------------------
20.181
20.177
20.177
20.185
20.188
20.184
20.160
20.151
20.155
20.151
20.160
19.918
20.160
20.165
20.160
20.146
20.151
19.906
19.894
19.904
19.894
19.900
19.904
20.169

===========================================================
SNAGA GENERATORA:   9.0[MW]
===========================================================

Uo.sn[kV]
-----------------------------------------------------------
20.426
20.422
20.422
20.431
20.434
20.429
20.405
20.150
20.155
20.150
20.159
20.157
20.159
20.409
20.405
20.145
20.150
19.905
19.894
19.904
19.893
19.899
20.142
20.168

===========================================================
SNAGA GENERATORA:  10.0[MW]
===========================================================

Uo.sn[kV]
-----------------------------------------------------------
20.425
20.421
20.421
20.682
20.685
20.428
20.404
20.394
20.399
20.395
20.404
20.401
20.404
20.408
20.404
20.389
20.395
20.143
19.893
19.903
20.131
20.137
20.141
20.413
