
===========================================================
SNAGA GENERATORA:   0.0[MW]
===========================================================

Isn[A]
-----------------------------------------------------------
 131.9
 131.1
 131.1
 121.3
 122.0
 132.7
 144.1
 153.8
 154.3
 164.6
 165.3
 175.7
 165.3
 144.3
 143.9
 164.2
 164.6
 206.6
 255.4
 236.5
 224.6
 203.5
 192.9
 152.5

===========================================================
SNAGA GENERATORA:   1.0[MW]
===========================================================

Isn[A]
-----------------------------------------------------------
 106.3
 105.5
 105.5
  95.5
  96.2
 107.1
 118.7
 128.4
 128.8
 139.4
 140.0
 150.4
 140.0
 118.9
 118.4
 138.9
 139.4
 181.5
 230.6
 211.7
 199.7
 178.3
 167.8
 127.0

===========================================================
SNAGA GENERATORA:   2.0[MW]
===========================================================

Isn[A]
-----------------------------------------------------------
  77.7
  76.9
  76.9
  67.1
  67.9
  78.5
  90.1
 100.3
 100.7
 111.1
 111.8
 122.1
 111.8
  90.3
  89.8
 110.6
 111.1
 153.8
 203.2
 184.3
 171.7
 150.6
 140.1
  99.0

===========================================================
SNAGA GENERATORA:   3.0[MW]
===========================================================

Isn[A]
-----------------------------------------------------------
  49.4
  48.7
  48.7
  37.9
  38.7
  50.2
  61.8
  71.4
  71.9
  82.2
  82.9
  94.2
  82.9
  62.0
  61.5
  81.8
  82.2
 125.2
 175.0
 156.1
 144.0
 122.0
 111.5
  70.1

===========================================================
SNAGA GENERATORA:   4.0[MW]
===========================================================

Isn[A]
-----------------------------------------------------------
  20.0
  19.2
  19.2
   9.4
  10.2
  20.8
  32.4
  43.2
  43.6
  54.0
  54.7
  65.0
  54.7
  32.5
  32.1
  53.5
  54.0
  97.3
 147.4
 127.3
 115.2
  94.1
  82.4
  40.7

===========================================================
SNAGA GENERATORA:   5.0[MW]
===========================================================

Isn[A]
-----------------------------------------------------------
   9.9
  10.7
  10.7
  19.0
  18.2
   9.1
   3.9
  13.5
  14.0
  24.3
  25.0
  35.4
  25.0
   4.1
   3.7
  23.9
  24.3
  67.9
 118.3
  99.4
  87.4
  64.7
  54.2
  12.3

===========================================================
SNAGA GENERATORA:   6.0[MW]
===========================================================

Isn[A]
-----------------------------------------------------------
  36.7
  37.5
  37.5
  47.3
  46.5
  35.9
  24.4
  14.8
  14.4
   4.0
   3.3
   7.0
   3.3
  24.2
  24.7
   4.5
   4.0
  39.9
  90.6
  69.8
  57.8
  34.8
  24.3
  16.1

===========================================================
SNAGA GENERATORA:   7.0[MW]
===========================================================

Isn[A]
-----------------------------------------------------------
  62.7
  63.5
  63.5
  73.3
  72.5
  61.9
  52.6
  43.0
  42.6
  32.2
  31.5
  21.2
  31.5
  52.4
  52.9
  32.7
  32.2
   9.8
  60.8
  41.9
  27.6
   6.6
   3.9
  44.3

===========================================================
SNAGA GENERATORA:   8.0[MW]
===========================================================

Isn[A]
-----------------------------------------------------------
  90.5
  91.3
  91.3
 101.1
 100.3
  89.6
  78.3
  68.7
  68.2
  57.9
  57.2
  49.3
  57.2
  78.1
  78.5
  58.4
  57.9
  18.3
  30.4
  11.6
   0.5
  21.6
  32.0
  69.9

===========================================================
SNAGA GENERATORA:   9.0[MW]
===========================================================

Isn[A]
-----------------------------------------------------------
 115.3
 116.1
 116.1
 125.9
 125.1
 114.5
 103.2
  96.4
  95.9
  85.6
  84.8
  74.5
  84.8
 102.9
 103.4
  86.1
  85.6
  46.4
   2.4
  16.4
  28.6
  49.6
  57.2
  97.5

===========================================================
SNAGA GENERATORA:  10.0[MW]
===========================================================

Isn[A]
-----------------------------------------------------------
 142.6
 143.4
 143.4
 150.0
 149.2
 141.7
 130.4
 120.9
 120.4
 110.1
 109.3
  99.0
 109.3
 130.2
 130.7
 110.6
 110.1
  71.2
  25.6
  44.4
  53.4
  74.4
  84.9
 122.0
