-----------------------------------------
 T[h]  Itr[A]  Vopt[kV]  t_opt  minSteta
-----------------------------------------
   1   131.76   20.681      1    678.0
   2   130.97   20.677      1    668.1
   3   130.97   20.677      1    668.1
   4   121.26   20.434      2    533.0
   5   122.03   20.437      2    545.7
   6   132.56   20.684      1    690.0
   7   144.14   20.659      1   1074.0
   8   153.81   20.649      1   1232.6
   9   154.25   20.654      1   1247.9
  10   164.63   20.649      1   1699.8
  11   165.29   20.659      1   1697.6
  12   175.52   20.913      0   2098.4
  13   165.29   20.659      1   1697.6
  14   144.31   20.664      1   1049.4
  15   143.88   20.659      1   1034.2
  16   164.19   20.644      1   1686.6
  17   164.63   20.649      1   1699.8
  18   206.64   20.899      0   2987.9
  19   255.42   21.149     -1   4446.0
  20   236.49   21.161     -1   2696.8
  21   224.42   21.149     -1   2389.7
  22   203.46   20.893      0   2113.7
  23   192.93   20.898      0   1567.5
  24   152.49   20.669      1    787.0
-----------------------------------------
 Imin= 121.26 h= 4  Vmin=20.434 h= 4
 Imax= 255.42 h=19  Vmax=21.149 h=19
-----------------------------------------
Ukupna steta =36989.5
-----------------------------------------
